0.954545 1.136364 0.820952 1
2.590909 1.000000 0.145136 3
0.909091 1.136364 0.798000 1
0.500000 3.500000 1.000000 3
0.954545 1.136364 0.820952 1
0.500000 3.500000 1.000000 3
0.909091 1.136364 0.794000 1
0.909091 1.136364 0.790000 1
0.954545 1.136364 0.822857 1
2.590909 1.000000 0.145933 3
0.909091 1.136364 0.798000 1
0.500000 9.818182 1.000000 3
0.954545 1.136364 0.820952 1
0.500000 3.454545 1.000000 3
0.909091 1.136364 0.794000 1
0.909091 1.136364 0.794000 1
0.954545 1.136364 0.820952 1
2.590909 1.000000 0.145136 3
0.909091 1.136364 0.798000 1
0.500000 3.500000 1.000000 3
0.954545 1.136364 0.828571 1
0.500000 3.500000 1.000000 3
0.909091 1.136364 0.794000 1
0.909091 1.136364 0.794000 1
0.909091 1.136364 0.452000 2
0.909091 1.136364 0.454000 2
0.909091 1.136364 0.454000 2
0.909091 1.136364 0.454000 2
0.909091 1.136364 0.454000 2
0.909091 1.136364 0.454000 2
0.909091 1.136364 0.454000 2
0.909091 1.136364 0.454000 2
0.909091 1.136364 0.454000 2
1.136364 0.636364 0.288571 3
0.909091 1.136364 0.794000 1
0.090909 0.136364 1.000000 6
1.045455 0.181818 0.500000 3
0.500000 3.454545 1.000000 3
0.909091 1.136364 0.794000 1
0.909091 1.136364 0.794000 1
0.500000 3.454545 1.000000 3
0.909091 1.136364 0.794000 1
0.909091 1.136364 0.796000 1
0.500000 3.500000 1.000000 3
0.909091 1.136364 0.794000 1
0.909091 1.136364 0.794000 1
0.500000 3.454545 1.000000 3
0.909091 1.136364 0.794000 1
0.909091 1.136364 0.794000 1
0.500000 3.454545 1.000000 3
0.909091 1.136364 0.794000 1
0.909091 1.136364 0.794000 1
0.954545 1.136364 0.820952 1
0.500000 3.454545 1.000000 3
0.954545 1.136364 0.820952 1
0.954545 1.136364 0.820952 1
0.500000 3.454545 1.000000 3
0.954545 1.136364 0.820952 1
0.954545 1.136364 0.820952 1
0.500000 3.454545 1.000000 3
0.954545 1.136364 0.820952 1
0.500000 3.454545 1.000000 3
0.909091 1.136364 0.794000 1
0.909091 1.136364 0.794000 1
0.500000 3.454545 1.000000 3
0.909091 1.136364 0.794000 1
0.909091 1.136364 0.796000 1
0.500000 3.454545 1.000000 3
0.909091 1.136364 0.794000 1
0.954545 1.136364 0.820952 1
0.909091 1.136364 0.456000 2
0.909091 1.136364 0.454000 2
0.909091 1.136364 0.454000 2
0.909091 1.136364 0.452000 2
0.909091 1.136364 0.454000 2
0.909091 1.136364 0.454000 2
0.136364 0.318182 1.000000 6
0.909091 1.136364 0.454000 2
0.909091 1.136364 0.454000 2
0.909091 1.454545 0.468750 2
0.136364 0.318182 1.000000 6
0.954545 1.136364 0.468571 2
0.954545 1.454545 0.433036 2
0.909091 1.136364 0.430000 2
0.500000 3.863636 1.000000 3
0.909091 1.136364 0.794000 1
0.363636 0.363636 0.812500 5
0.500000 1.272727 1.000000 4
0.909091 1.136364 0.794000 1
0.500000 3.454545 1.000000 3
0.909091 1.136364 0.794000 1
0.909091 1.136364 0.794000 1
0.500000 3.454545 1.000000 3
0.909091 1.136364 0.796000 1
0.909091 1.136364 0.796000 1
0.500000 3.454545 1.000000 3
0.909091 1.136364 0.794000 1
0.909091 1.136364 0.794000 1
0.500000 3.454545 1.000000 3
0.909091 1.136364 0.794000 1
0.909091 1.136364 0.794000 1
0.500000 3.454545 1.000000 3
0.909091 1.136364 0.794000 1
0.909091 1.136364 0.794000 1
0.954545 1.136364 0.820952 1
0.500000 3.454545 1.000000 3
0.954545 1.136364 0.820952 1
0.954545 1.136364 0.820952 1
0.500000 3.454545 1.000000 3
0.954545 1.136364 0.820952 1
0.954545 1.136364 0.820952 1
0.500000 3.454545 1.000000 3
0.954545 1.136364 0.820952 1
0.500000 3.454545 1.000000 3
0.909091 1.136364 0.794000 1
0.909091 1.136364 0.794000 1
0.500000 3.454545 1.000000 3
0.909091 1.136364 0.794000 1
0.909091 1.136364 0.794000 1
0.500000 3.454545 1.000000 3
0.909091 1.136364 0.794000 1
0.909091 1.136364 0.794000 1
0.954545 1.136364 0.470476 2
0.954545 1.136364 0.468571 2
0.909091 1.136364 0.432000 2
0.909091 1.136364 0.454000 2
0.909091 1.136364 0.452000 2
0.909091 1.136364 0.454000 2
0.136364 0.318182 1.000000 6
0.909091 1.136364 0.454000 2
0.909091 1.136364 0.454000 2
0.909091 1.454545 0.468750 2
0.136364 0.318182 1.000000 6
0.954545 1.136364 0.468571 2
0.954545 1.454545 0.433036 2
0.909091 1.136364 0.430000 2
0.500000 2.863636 1.000000 3
0.909091 1.136364 0.790000 1
0.909091 1.136364 0.794000 1
0.500000 2.863636 1.000000 3
0.909091 1.136364 0.794000 1
0.909091 1.136364 0.794000 1
0.909091 1.136364 0.792000 1
0.500000 3.000000 1.000000 3
0.363636 0.363636 0.812500 5
0.500000 1.181818 1.000000 4
0.954545 1.136364 0.820952 1
0.909091 1.136364 0.794000 1
0.954545 1.136364 0.820952 1
1.136364 0.636364 0.288571 3
0.909091 1.136364 0.794000 1
0.090909 0.136364 1.000000 6
1.045455 0.181818 0.500000 6
0.909091 1.136364 0.790000 1
0.909091 1.136364 0.794000 1
0.954545 1.136364 0.820952 1
0.500000 2.818182 1.000000 3
0.909091 1.136364 0.794000 1
0.909091 1.136364 0.794000 1
0.500000 2.863636 1.000000 3
0.909091 1.136364 0.794000 1
0.909091 1.136364 0.794000 1
0.500000 2.863636 1.000000 3
0.909091 1.136364 0.794000 1
0.909091 1.136364 0.794000 1
0.909091 1.136364 0.452000 2
0.954545 1.136364 0.468571 2
1.045455 0.636364 0.313665 3
0.909091 1.136364 0.794000 1
0.090909 0.136364 1.000000 6
1.045455 0.181818 0.500000 6
0.954545 1.136364 0.468571 2
0.954545 1.136364 0.470476 2
0.909091 1.136364 0.430000 2
0.909091 1.136364 0.452000 2
0.909091 1.136364 0.454000 2
0.909091 1.136364 0.454000 2
0.136364 0.318182 1.000000 6
0.909091 1.136364 0.454000 2
0.909091 1.136364 0.456000 2
0.909091 1.454545 0.468750 2
0.136364 0.318182 1.000000 6
0.954545 1.136364 0.470476 2
0.954545 1.454545 0.433036 2
0.909091 1.136364 0.434000 2
0.954545 1.136364 0.468571 2
0.954545 1.136364 0.468571 2
0.909091 1.136364 0.430000 2
0.909091 1.136364 0.452000 2
0.909091 1.136364 0.454000 2
0.909091 1.136364 0.454000 2
0.136364 0.318182 1.000000 6
0.909091 1.136364 0.454000 2
0.909091 1.136364 0.454000 2
0.909091 1.454545 0.468750 2
0.909091 1.136364 0.794000 1
0.909091 1.136364 0.796000 1
0.909091 1.136364 0.796000 1
0.909091 1.136364 0.798000 1
0.500000 2.863636 1.000000 3
0.909091 1.136364 0.798000 1
0.909091 1.136364 0.798000 1
0.500000 2.863636 1.000000 3
0.909091 1.136364 0.798000 1
0.909091 1.136364 0.798000 1
0.500000 2.863636 1.000000 3
0.954545 1.136364 0.820952 1
0.954545 1.136364 0.820952 1
0.909091 1.136364 0.798000 1
0.500000 2.863636 1.000000 3
0.909091 1.136364 0.798000 1
0.909091 1.136364 0.798000 1
0.500000 2.863636 1.000000 3
0.909091 1.136364 0.796000 1
0.909091 1.136364 0.798000 1
0.500000 2.863636 1.000000 3
0.954545 1.136364 0.820952 1
0.954545 1.136364 0.820952 1
0.136364 0.318182 1.000000 6
0.954545 1.136364 0.470476 2
0.954545 1.454545 0.433036 2
0.909091 1.136364 0.432000 2
0.954545 1.136364 0.468571 2
0.954545 1.136364 0.470476 2
0.909091 1.136364 0.430000 2
0.909091 1.136364 0.452000 2
0.909091 1.136364 0.454000 2
0.909091 1.136364 0.454000 2
0.136364 0.318182 1.000000 6
0.909091 1.136364 0.454000 2
0.909091 1.136364 0.454000 2
0.909091 1.454545 0.468750 2
0.136364 0.318182 1.000000 6
0.954545 1.136364 0.468571 2
0.954545 1.454545 0.433036 2
0.909091 1.136364 0.430000 2
0.954545 1.136364 0.468571 2
0.954545 1.136364 0.468571 2
0.909091 1.136364 0.430000 2
0.909091 1.136364 0.454000 2
0.909091 1.136364 0.454000 2
0.909091 1.136364 0.448000 2
0.136364 0.318182 1.000000 6
0.909091 1.136364 0.454000 2
0.909091 1.136364 0.454000 2
0.909091 1.454545 0.468750 2
1.136364 0.636364 0.288571 3
0.909091 1.136364 0.794000 1
0.090909 0.136364 1.000000 6
1.045455 0.181818 0.500000 6
0.500000 4.272727 1.000000 3
0.909091 1.136364 0.794000 1
0.909091 1.136364 0.794000 1
0.500000 4.272727 1.000000 3
0.909091 1.136364 0.794000 1
0.909091 1.136364 0.794000 1
0.909091 1.136364 0.794000 1
0.909091 1.136364 0.794000 1
0.954545 1.136364 0.820952 1
0.909091 1.136364 0.454000 2
0.136364 0.318182 1.000000 6
0.954545 1.136364 0.468571 2
0.954545 1.454545 0.434524 2
0.909091 1.136364 0.430000 2
0.954545 1.136364 0.466667 2
0.954545 1.136364 0.468571 2
0.909091 1.136364 0.430000 2
0.954545 1.136364 0.466667 2
0.954545 1.136364 0.468571 2
0.909091 1.136364 0.430000 2
0.954545 1.136364 0.468571 2
0.954545 1.136364 0.468571 2
0.909091 1.136364 0.430000 2
0.909091 1.136364 0.454000 2
0.909091 1.136364 0.454000 2
0.909091 1.136364 0.456000 2
