4.045455 0.136364 1.000000 3 1
6.727273 2.545455 0.262066 0 2
2.272727 0.636364 0.357143 2 3
2.272727 0.636364 0.368571 2 3
1.954545 1.409091 0.388597 8 4
1.954545 1.363636 0.472093 3 5
1.863636 1.272727 0.234321 0 6
3.954545 2.272727 0.195862 3 7
5.954545 4.909091 0.163698 6 7
5.500000 4.909091 0.172406 6 7
4.045455 0.136364 1.000000 3 1
1.863636 1.272727 0.237805 0 6
3.954545 2.272727 0.196322 3 7
5.954545 11.227273 0.118831 6 7
5.500000 4.863636 0.173322 6 7
4.045455 0.136364 1.000000 3 1
1.863636 1.272727 0.236934 0 6
3.954545 2.272727 0.195862 3 7
5.954545 4.909091 0.163981 6 7
5.500000 4.909091 0.172559 6 7
4.045455 0.136364 1.000000 3 1
4.045455 0.136364 1.000000 3 1
3.363636 2.409091 0.317185 7 8
0.318182 0.318182 0.877551 7 9
0.272727 0.318182 0.904762 7 9
2.272727 0.636364 0.362857 2 3
2.272727 0.636364 0.368571 2 3
1.954545 1.409091 0.389347 8 4
1.954545 1.363636 0.470543 3 5
5.954545 1.272727 0.286532 3 7
0.363636 0.363636 0.812500 6 9
0.363636 0.363636 0.812500 6 9
0.363636 0.363636 0.812500 6 9
4.045455 0.136364 1.000000 3 1
5.954545 1.272727 0.286805 3 7
0.363636 0.363636 0.812500 6 9
0.363636 0.363636 0.812500 6 9
0.363636 0.363636 0.812500 6 9
4.045455 0.136364 1.000000 3 1
5.954545 1.272727 0.286805 3 7
0.363636 0.363636 0.812500 6 9
0.363636 0.363636 0.812500 6 9
0.363636 0.363636 0.812500 6 9
4.045455 0.136364 1.000000 3 1
4.045455 0.136364 1.000000 3 1
6.727273 2.545455 0.262066 0 2
2.227273 0.636364 0.368805 2 3
2.272727 0.636364 0.368571 2 3
1.863636 1.272727 0.235192 0 6
4.000000 1.272727 0.299513 3 7
4.500000 4.863636 0.205607 6 7
4.500000 4.863636 0.205702 6 7
4.045455 0.136364 1.000000 3 1
5.500000 4.909091 0.172559 6 7
4.500000 4.863636 0.205607 6 7
4.500000 4.863636 0.205607 6 7
4.045455 0.136364 1.000000 3 1
4.454545 4.863636 0.213618 6 7
4.454545 4.863636 0.213618 6 7
4.454545 4.863636 0.213618 6 7
4.045455 0.136364 1.000000 3 1
4.500000 4.863636 0.205607 6 7
4.500000 4.863636 0.205702 6 7
6.000000 4.863636 0.163622 6 7
4.045455 0.136364 1.000000 3 1
4.045455 0.136364 1.000000 3 1
3.363636 2.409091 0.317185 7 8
0.318182 0.318182 0.877551 7 9
0.272727 0.318182 0.928571 7 9
2.272727 0.636364 0.362857 2 3
2.272727 0.636364 0.367143 2 3
5.954545 1.272727 0.287077 3 7
0.363636 0.363636 0.812500 6 9
0.363636 0.363636 0.812500 6 9
0.363636 0.363636 0.812500 6 9
4.045455 0.136364 1.000000 3 1
5.954545 1.272727 0.286532 3 7
0.363636 0.363636 0.812500 6 9
0.363636 0.363636 0.812500 6 9
0.363636 0.363636 0.812500 6 9
4.045455 0.136364 1.000000 3 1
5.954545 1.909091 0.208288 3 7
0.363636 0.363636 0.812500 6 9
4.045455 0.136364 1.000000 3 1
6.000000 1.909091 0.206890 3 7
0.363636 0.363636 0.812500 6 9
4.045455 0.136364 1.000000 3 1
4.045455 0.136364 1.000000 3 1
6.727273 2.545455 0.261945 0 2
2.272727 0.636364 0.362857 2 3
2.272727 0.636364 0.368571 2 3
5.727273 5.272727 0.183429 6 7
4.500000 4.863636 0.205607 6 7
4.500000 4.863636 0.205796 6 7
4.045455 0.136364 1.000000 3 1
5.500000 4.863636 0.173322 6 7
4.500000 4.863636 0.205607 6 7
4.500000 4.863636 0.205513 6 7
4.045455 0.136364 1.000000 3 1
4.454545 4.863636 0.213618 6 7
4.454545 4.863636 0.213618 6 7
4.454545 4.863636 0.213618 6 7
4.045455 0.136364 1.000000 3 1
4.500000 4.863636 0.205513 6 7
4.500000 4.863636 0.205607 6 7
5.500000 4.863636 0.173322 6 7
4.045455 0.136364 1.000000 3 1
4.045455 0.136364 1.000000 3 1
3.363636 2.409091 0.317185 7 8
0.318182 0.318182 0.877551 7 9
0.272727 0.318182 0.928571 7 9
2.227273 0.636364 0.368805 2 3
2.272727 0.636364 0.368571 2 3
5.954545 1.272727 0.294438 3 7
0.363636 0.363636 0.812500 6 9
0.363636 0.363636 0.812500 6 9
4.045455 0.136364 1.000000 3 1
5.954545 1.272727 0.286532 3 7
0.363636 0.363636 0.812500 6 9
0.363636 0.363636 0.812500 6 9
0.363636 0.363636 0.812500 6 9
4.045455 0.136364 1.000000 3 1
5.954545 1.909091 0.208288 3 7
0.363636 0.363636 0.812500 6 9
4.045455 0.136364 1.000000 3 1
6.000000 1.909091 0.206890 3 7
0.363636 0.363636 0.812500 6 9
4.045455 0.136364 1.000000 3 1
4.045455 0.136364 1.000000 3 1
6.727273 2.545455 0.262066 0 2
2.272727 0.636364 0.357143 2 3
2.272727 0.636364 0.368571 2 3
4.500000 4.272727 0.218461 6 7
4.500000 4.272727 0.218676 6 7
5.181818 4.409091 0.220564 6 7
4.045455 0.136364 1.000000 3 1
3.954545 1.272727 0.261084 3 7
2.909091 0.863636 0.337171 0 10
2.909091 0.863636 0.337171 0 10
4.045455 0.136364 1.000000 3 1
3.954545 1.272727 0.275041 3 7
2.409091 0.863636 0.380338 0 10
0.545455 0.409091 0.212963 0 12
0.045455 0.045455 1.000000 1 12
1.863636 1.272727 0.236934 0 6
4.000000 1.272727 0.299513 3 7
4.045455 0.136364 1.000000 3 1
3.954545 1.272727 0.260263 3 7
3.954545 1.272727 0.261084 3 7
3.954545 1.272727 0.275452 3 7
4.045455 0.136364 1.000000 3 1
5.500000 4.227273 0.185728 6 7
4.500000 4.272727 0.218569 6 7
5.500000 4.272727 0.184720 6 7
4.045455 0.136364 1.000000 3 1
3.954545 1.272727 0.190887 3 7
0.363636 0.363636 0.812500 6 9
4.045455 0.136364 1.000000 3 1
4.000000 1.272727 0.196834 3 7
1.863636 1.272727 0.236934 0 6
4.000000 1.272727 0.299513 3 7
4.045455 0.136364 1.000000 3 1
4.045455 0.136364 1.000000 3 1
3.363636 2.409091 0.317185 7 8
0.318182 0.318182 0.877551 7 9
0.272727 0.318182 0.904762 7 9
2.272727 0.636364 0.362857 2 3
2.272727 0.636364 0.368571 2 3
5.954545 1.272727 0.294166 3 7
0.363636 0.363636 0.812500 6 9
0.363636 0.363636 0.812500 6 9
4.045455 0.136364 1.000000 3 1
5.954545 1.272727 0.286532 3 7
0.363636 0.363636 0.812500 6 9
0.363636 0.363636 0.812500 6 9
0.363636 0.363636 0.812500 6 9
4.045455 0.136364 1.000000 3 1
5.954545 1.909091 0.208470 3 7
0.363636 0.363636 0.812500 6 9
4.045455 0.136364 1.000000 3 1
6.000000 1.909091 0.207431 3 7
0.363636 0.363636 0.812500 6 9
4.045455 0.136364 1.000000 3 1
5.954545 1.272727 0.293893 3 7
0.363636 0.363636 0.812500 6 9
0.363636 0.363636 0.812500 6 9
4.045455 0.136364 1.000000 3 1
5.954545 1.272727 0.286532 3 7
0.363636 0.363636 0.812500 6 9
0.363636 0.363636 0.812500 6 9
0.363636 0.363636 0.812500 6 9
4.045455 0.136364 1.000000 3 1
5.954545 1.909091 0.208288 3 7
0.363636 0.363636 0.812500 6 9
4.045455 0.136364 1.000000 3 1
4.045455 0.136364 1.000000 3 1
6.727273 2.545455 0.262066 0 2
2.227273 0.636364 0.368805 2 3
2.272727 0.636364 0.368571 2 3
3.954545 1.272727 0.261084 3 7
3.954545 1.272727 0.261494 3 7
3.954545 1.272727 0.261494 3 7
4.045455 0.136364 1.000000 3 1
5.454545 4.272727 0.185727 6 7
4.454545 4.272727 0.220256 6 7
4.954545 4.272727 0.204665 6 7
4.045455 0.136364 1.000000 3 1
3.954545 1.272727 0.275452 3 7
2.909091 0.863636 0.337171 0 10
2.909091 0.863636 0.337171 0 10
4.045455 0.136364 1.000000 3 1
0.545455 1.272727 1.000000 28 11
4.045455 0.136364 1.000000 3 1
0.545455 1.272727 1.000000 28 11
4.045455 0.136364 1.000000 3 1
4.454545 4.272727 0.220256 6 7
4.454545 4.272727 0.220256 6 7
4.954545 4.272727 0.204568 6 7
4.045455 0.136364 1.000000 3 1
3.954545 1.272727 0.275041 3 7
2.863636 0.863636 0.343358 0 10
2.863636 0.863636 0.343358 0 10
4.045455 0.136364 1.000000 3 1
0.545455 1.272727 1.000000 28 11
4.045455 0.136364 1.000000 3 1
4.045455 0.136364 1.000000 3 1
3.363636 2.409091 0.317185 7 8
0.318182 0.318182 0.877551 7 9
0.272727 0.318182 0.928571 7 9
2.272727 0.636364 0.362857 2 3
2.272727 0.636364 0.367143 2 3
6.000000 1.909091 0.207251 3 7
0.363636 0.363636 0.812500 6 9
4.045455 0.136364 1.000000 3 1
5.954545 1.272727 0.294438 3 7
0.363636 0.363636 0.812500 6 9
0.363636 0.363636 0.812500 6 9
4.045455 0.136364 1.000000 3 1
5.954545 1.272727 0.286532 3 7
0.363636 0.363636 0.812500 6 9
0.363636 0.363636 0.812500 6 9
0.363636 0.363636 0.812500 6 9
4.045455 0.136364 1.000000 3 1
5.954545 1.909091 0.208288 3 7
0.363636 0.363636 0.812500 6 9
4.045455 0.136364 1.000000 3 1
6.000000 1.909091 0.206890 3 7
0.363636 0.363636 0.812500 6 9
4.045455 0.136364 1.000000 3 1
5.954545 1.272727 0.293893 3 7
0.363636 0.363636 0.812500 6 9
0.363636 0.363636 0.812500 6 9
4.045455 0.136364 1.000000 3 1
5.954545 1.272727 0.285987 3 7
0.363636 0.363636 0.812500 6 9
0.363636 0.363636 0.812500 6 9
0.363636 0.363636 0.812500 6 9
4.045455 0.136364 1.000000 3 1
5.954545 1.909091 0.208288 3 7
0.363636 0.363636 0.812500 6 9
4.045455 0.136364 1.000000 3 1
4.045455 0.136364 1.000000 3 1
6.727273 2.545455 0.261945 0 2
2.272727 0.636364 0.362857 2 3
2.272727 0.636364 0.368571 2 3
0.545455 1.272727 1.000000 28 11
4.045455 0.136364 1.000000 3 1
1.863636 1.272727 0.236934 0 6
4.000000 1.272727 0.299513 3 7
4.500000 5.681818 0.192000 6 7
4.500000 5.681818 0.192000 6 7
4.045455 0.136364 1.000000 3 1
0.545455 1.272727 1.000000 28 11
4.045455 0.136364 1.000000 3 1
3.954545 1.272727 0.261084 3 7
3.954545 1.272727 0.261084 3 7
3.954545 1.272727 0.275041 3 7
4.045455 0.136364 1.000000 3 1
3.954545 1.272727 0.191297 3 7
0.363636 0.363636 0.812500 6 9
4.045455 0.136364 1.000000 3 1
4.045455 0.136364 1.000000 3 1
3.363636 2.409091 0.316930 7 8
0.318182 0.318182 0.877551 7 9
0.272727 0.318182 0.904762 7 9
2.272727 0.636364 0.362857 2 3
2.272727 0.636364 0.368571 2 3
6.000000 1.909091 0.207071 3 7
0.363636 0.363636 0.812500 6 9
4.045455 0.136364 1.000000 3 1
5.954545 1.272727 0.293620 3 7
0.363636 0.363636 0.812500 6 9
0.363636 0.363636 0.812500 6 9
4.045455 0.136364 1.000000 3 1
5.954545 1.272727 0.293620 3 7
0.363636 0.363636 0.812500 6 9
0.363636 0.363636 0.812500 6 9
4.045455 0.136364 1.000000 3 1
5.954545 1.272727 0.293893 3 7
0.363636 0.363636 0.812500 6 9
0.363636 0.363636 0.812500 6 9
4.045455 0.136364 1.000000 3 1
5.954545 1.272727 0.287077 3 7
0.363636 0.363636 0.812500 6 9
0.363636 0.363636 0.812500 6 9
0.363636 0.363636 0.812500 6 9
4.045455 0.136364 1.000000 3 1
