2.450000 0.384615 1 1 
6.500000 0.294872 1 8 
4.400000 1.000000 1 3 
4.400000 1.000000 1 3 
4.400000 1.000000 1 3 
4.400000 1.000000 1 3 
4.400000 1.000000 1 3 
3.650000 0.323762 1 5 
4.400000 1.000000 1 3 
2.450000 0.387755 1 1 
6.500000 0.301994 1 8 
6.500000 0.301709 1 8 
6.500000 0.301709 1 8 
6.550000 0.212623 1 8 
1.100000 0.515152 1 -1 
0.050000 1.000000 1 -1 
4.300000 0.197244 1 8 
4.300000 0.270456 1 8 
4.900000 0.187047 2 8 
4.900000 0.187047 2 8 
4.350000 0.333759 3 8 
0.550000 1.000000 1 6 
2.000000 0.246296 0 7 
0.550000 1.000000 1 6 
4.300000 0.270456 1 8 
2.450000 0.384615 1 1 
4.400000 1.000000 1 3 
4.400000 1.000000 1 3 
4.400000 1.000000 1 3 
4.400000 1.000000 1 3 
4.400000 1.000000 1 3 
4.400000 1.000000 1 3 
4.300000 0.252369 1 8 
2.450000 0.387755 1 1 
7.350000 0.266667 0 4 
2.450000 0.384615 1 1 
6.500000 0.293732 1 8 
6.500000 0.294302 1 8 
4.400000 1.000000 1 3 
4.400000 1.000000 1 3 
4.400000 1.000000 1 3 
4.400000 1.000000 1 3 
4.400000 1.000000 1 3 
4.400000 1.000000 1 3 
4.400000 1.000000 1 3 
4.400000 1.000000 1 3 
3.650000 0.324025 1 5 
4.400000 1.000000 1 3 
2.450000 0.386185 1 1 
6.500000 0.301994 1 8 
6.500000 0.302564 1 8 
6.500000 0.213884 1 8 
6.500000 0.213884 1 8 
6.550000 0.212437 1 8 
6.550000 0.212810 1 8 
0.550000 1.000000 1 6 
0.550000 1.000000 1 6 
0.550000 1.000000 1 6 
3.100000 0.364695 0 2 
3.100000 0.364695 0 2 
3.150000 0.358025 0 2 
3.150000 0.358025 0 2 
4.300000 0.270887 1 8 
4.300000 0.270456 1 8 
2.400000 0.389423 1 1 
4.400000 1.000000 1 3 
4.400000 1.000000 1 3 
4.300000 0.252369 1 8 
4.400000 1.000000 1 3 
4.400000 1.000000 1 3 
4.400000 1.000000 1 3 
4.400000 1.000000 1 3 
4.300000 0.252369 1 8 
4.400000 1.000000 1 3 
4.400000 1.000000 1 3 
4.400000 1.000000 1 3 
4.300000 0.270887 1 8 
5.400000 0.198128 2 8 
4.850000 0.213724 2 8 
4.850000 0.213724 2 8 
5.400000 0.198128 2 8 
4.850000 0.213724 2 8 
2.450000 0.387755 1 1 
7.350000 0.266790 0 4 
5.950000 0.178730 2 8 
2.450000 0.384615 1 1 
6.500000 0.294302 1 8 
6.500000 0.294302 1 8 
4.400000 1.000000 1 3 
4.400000 1.000000 1 3 
4.400000 1.000000 1 3 
4.400000 1.000000 1 3 
4.400000 1.000000 1 3 
4.400000 1.000000 1 3 
4.400000 1.000000 1 3 
3.650000 0.324025 1 5 
4.400000 1.000000 1 3 
2.450000 0.387755 1 1 
6.500000 0.301994 1 8 
6.500000 0.302279 1 8 
6.500000 0.213884 1 8 
6.500000 0.214071 1 8 
6.550000 0.212996 1 8 
1.100000 0.515152 1 -1 
0.550000 0.238636 0 -1 
0.050000 1.000000 1 -1 
1.100000 0.515152 1 -1 
0.050000 1.000000 1 -1 
4.300000 0.269595 1 8 
4.350000 0.333759 3 8 
4.300000 0.270456 1 8 
4.900000 0.215383 2 8 
4.900000 0.215163 2 8 
2.000000 0.246296 0 7 
4.350000 0.203065 1 8 
2.000000 0.246296 0 7 
2.600000 0.402778 0 -1 
3.150000 0.358025 0 2 
3.150000 0.358025 0 2 
4.350000 0.333759 3 8 
4.300000 0.196813 1 8 
4.900000 0.215273 2 8 
6.000000 0.182880 2 8 
4.300000 0.270456 1 8 
2.450000 0.378336 1 1 
4.400000 1.000000 1 -1 
4.400000 1.000000 1 3 
4.400000 1.000000 1 3 
4.400000 1.000000 1 3 
4.400000 1.000000 1 3 
4.400000 1.000000 1 3 
4.400000 1.000000 1 3 
4.400000 1.000000 1 3 
6.000000 0.181810 2 8 
4.300000 0.252799 1 8 
4.300000 0.252369 1 8 
2.450000 0.387755 1 1 
7.350000 0.266790 0 4 
5.650000 0.219395 2 8 
2.400000 0.389423 1 1 
6.500000 0.294302 1 8 
4.400000 1.000000 1 3 
4.400000 1.000000 1 3 
4.400000 1.000000 1 3 
4.400000 1.000000 1 3 
3.650000 0.324025 1 5 
4.400000 1.000000 1 3 
2.450000 0.387755 1 1 
6.500000 0.302564 1 8 
6.500000 0.213884 1 8 
6.550000 0.212437 1 8 
4.900000 0.201482 2 8 
4.900000 0.201386 2 8 
4.900000 0.201386 2 8 
4.900000 0.201482 2 8 
6.000000 0.169733 2 8 
6.000000 0.169733 2 8 
4.900000 0.201675 2 8 
4.900000 0.201482 2 8 
6.250000 0.183583 2 8 
2.450000 0.384615 1 1 
4.400000 1.000000 1 3 
4.400000 1.000000 1 3 
4.400000 1.000000 1 3 
4.400000 1.000000 1 3 
4.400000 1.000000 1 3 
2.450000 0.387755 1 1 
7.350000 0.266667 0 4 
4.850000 0.208033 2 8 
4.850000 0.208033 2 8 
4.850000 0.208033 2 8 
2.450000 0.384615 1 1 
6.500000 0.294302 1 8 
6.500000 0.294872 1 8 
4.400000 1.000000 1 3 
4.400000 1.000000 1 3 
4.400000 1.000000 1 3 
4.400000 1.000000 1 3 
3.650000 0.324025 1 5 
4.400000 1.000000 1 3 
2.450000 0.386185 1 1 
6.500000 0.213884 1 8 
6.550000 0.212437 1 8 
1.100000 0.515152 1 -1 
0.050000 1.000000 1 -1 
4.900000 0.201579 2 8 
4.900000 0.201482 2 8 
4.900000 0.201482 2 8 
4.900000 0.201386 2 8 
4.900000 0.201579 2 8 
4.900000 0.201482 2 8 
4.350000 0.333759 3 8 
2.000000 0.244444 0 7 
6.550000 0.160305 2 8 
6.000000 0.168925 2 8 
2.400000 0.389423 1 1 
4.400000 1.000000 1 3 
4.400000 1.000000 1 3 
4.400000 1.000000 1 3 
4.400000 1.000000 1 3 
4.400000 1.000000 1 3 
2.450000 0.387755 1 1 
7.350000 0.266790 0 4 
4.850000 0.208033 2 8 
4.850000 0.208033 2 8 
4.850000 0.208033 2 8 
2.100000 0.395238 0 8 
2.450000 0.384615 1 1 
6.500000 0.294587 1 8 
6.500000 0.294587 1 8 
6.500000 0.294302 1 8 
4.400000 1.000000 1 3 
4.400000 1.000000 1 3 
4.400000 1.000000 1 3 
2.100000 0.481938 1 8 
3.650000 0.324025 1 5 
4.400000 1.000000 1 3 
2.450000 0.387755 1 1 
2.100000 0.394444 0 8 
2.000000 0.246296 0 7 
2.000000 0.247222 0 7 
2.000000 0.243519 0 7 
6.000000 0.168925 2 8 
6.000000 0.169733 2 8 
6.000000 0.168769 2 8 
2.450000 0.378336 1 1 
4.400000 1.000000 1 3 
4.300000 0.198386 1 8 
4.400000 1.000000 1 3 
4.300000 0.198861 1 8 
4.400000 1.000000 1 3 
4.300000 0.198386 1 -1 
2.100000 0.483580 1 8 
4.400000 1.000000 1 3 
2.450000 0.387755 1 1 
7.350000 0.266790 0 4 
6.500000 0.157584 2 8 
6.500000 0.116229 2 8 
6.500000 0.157297 2 8 
